3450
3467
3498
3533
3562
3589
3633
3705
3729
3746
3762
3770
3786
3817
3842
3856
3861
3865
3916
3930
3939
3989
3995
4002
4017
4029
4046
4051
4057
4074
4106
4157
4200
4248
4282
4374
4412
4484
4487
4819
4824
4827
4840
4847
4854
4893
4920
4934
4943
4953
4964
4979
4991
5011
5076
29415
39830
40033
40540
40976
41427
41688
41865
42170
42321
42466
42683
43266
43621
43987
44332
45076
45448
46301
46309
46322
46328
46436
46440
46485
46517
46537
46547
46558
46563
46568
46571
46574
46580
46594
46598
46602
46606
46608
46615
46618
46622
46633
46639
46647
46657
46667
46672
46676
46679
46684
46694
46698
46705
46717
46724
46731
46734
46744
46763
46766
48262
56144
57278
66376
66604
66732
72861
88166
96485
96523
96563
96612
97901
97910
97938
97963
100619
104570
105523
107220
107227
107245
107257
107262
107268
107275
107283
114959
