3268
3336
3385
3608
3680
3831
3927
4036
4141
4181
4206
4314
4816
4938
4970
5109
5130
24100
25192
25388
25395
25409
25416
25422
25711
25726
25731
25734
25736
25743
25775
25808
25849
26069
26103
26105
26110
26116
26123
26127
26130
26132
26186
26226
26291
26555
26683
26741
26845
26862
26871
26875
26879
26882
26886
26896
26903
26910
26916
26919
26923
26927
26931
26933
26940
26943
26946
26949
26951
26954
26957
26960
26965
26969
26972
26974
26976
26978
26980
26986
26993
26998
27001
27003
27006
27009
27013
27015
27019
27023
27026
27028
27030
27034
27036
27039
27131
27134
27213
27235
27280
28293
28464
28643
28838
39849
39892
40093
40708
40978
41378
41838
41843
43603
43650
45720
45757
45970
46047
48267
48328
48374
48686
50904
51577
51842
53216
54097
54532
54622
54634
56490
56760
57132
57355
57453
57799
57852
58125
58194
58221
58301
63268
64160
66329
66878
90608
91200
91249
114859
114893
